0	1	2	3	4	5	6	
7	8	9	10	
11	12	13	14	9	15	
16	17	18	19	20	21	
22	23	24	25	26	27	28	29	30	31	32	33	
34	35	36	16	37	
38	39	40	41	
42	10	43	44	45	
46	18	47	48	49	50	
51	52	9	53	
54	55	56	57	58	59	10	60	
61	62	63	64	65	66	
67	68	69	70	71	
72	16	73	74	75	
76	77	
78	79	2	80	
81	6	82	83	84	85	
86	87	88	
89	90	91	92	93	
94	55	95	96	9	
97	98	99	100	101	102	103	9	
104	95	105	106	6	107	68	108	109	
110	111	112	
113	114	115	115	116	117	109	
118	119	120	0	41	121	122	123	
124	125	126	127	128	
129	130	131	132	133	134	
135	106	136	137	138	139	140	141	142	
50	125	6	143	
144	145	146	92	
147	148	149	150	136	151	152	106	
153	154	155	156	19	20	136	
157	158	99	0	2	159	160	161	162	
105	80	71	109	163	164	
111	165	166	167	106	
168	169	170	171	143	172	116	
173	174	143	106	175	176	91	111	123	
177	178	136	
12	13	179	99	180	11	
181	182	78	183	184	185	186	187	185	
107	188	189	50	190	
191	192	9	
193	194	1	195	196	197	198	
199	13	200	21	
181	201	
202	203	204	106	205	
40	206	207	53	52	208	209	
210	211	212	179	
213	12	214	
215	216	217	216	144	218	110	219	220	221	222	223	41	
12	224	225	226	227	228	
6	229	44	230	231	
232	233	69	74	106	234	
153	235	209	19	236	136	
217	237	44	238	239	240	233	217	
19	20	241	136	99	242	137	243	241	21	
244	245	119	52	246	106	
247	10	
248	106	240	136	91	249	55	
250	50	239	251	252	253	13	44	254	
255	256	257	258	259	
260	261	262	
0	1	2	
263	264	50	128	
265	266	267	268	269	270	175	271	272	
99	273	50	274	208	209	
12	239	34	211	275	
181	276	84	182	277	278	71	279	
280	281	282	283	284	241	285	286	241	
60	123	239	240	287	288	
289	290	55	74	
90	123	69	291	
292	293	228	170	294	
295	9	212	125	296	111	297	
298	50	74	299	105	300	210	301	302	
288	109	71	303	304	305	105	71	
306	307	308	
309	310	149	
311	312	313	3	314	55	
315	316	317	318	317	
293	241	319	176	320	321	210	
303	322	323	106	324	303	325	116	209	
326	0	141	21	106	
327	19	236	136	6	41	136	
18	328	329	330	
69	74	331	91	332	333	138	
334	335	9	336	337	322	9	336	
338	130	131	132	133	134	
153	339	50	136	
253	340	122	341	106	342	343	344	18	
345	100	346	347	348	
217	59	10	
349	350	6	
173	189	351	352	41	136	
58	353	239	354	
143	355	59	10	
356	357	358	228	359	265	360	106	
361	175	362	363	364	21	365	209	
315	179	366	106	
367	265	368	9	336	
369	370	337	41	
371	270	18	372	
373	374	51	124	375	
376	226	377	378	379	178	380	381	
212	165	382	
41	165	383	384	106	
210	6	385	386	157	60	105	106	
10	239	334	335	59	10	305	92	143	41	136	
387	388	13	389	95	
113	390	391	298	392	393	227	
212	394	100	
395	12	13	
396	132	133	397	398	26	325	399	400	401	
402	91	403	404	95	127	128	
405	406	407	408	409	
410	411	115	115	109	106	
305	181	412	413	345	13	9	
19	20	241	21	414	241	
151	217	329	144	337	415	
80	416	261	417	72	
418	107	326	419	
382	420	59	10	
147	149	421	422	423	424	106	303	106	
274	241	7	136	
78	13	59	10	
102	74	9	238	239	34	208	9	402	
52	425	44	332	426	
34	19	20	427	136	428	429	430	182	241	21	
431	432	433	434	435	436	41	
181	437	55	
137	438	439	440	441	136	35	9	
6	442	443	125	
136	444	39	9	209	125	34	
326	441	72	
441	9	136	303	322	209	
445	332	446	447	55	
448	449	9	450	362	172	451	
452	453	454	153	
386	239	372	
6	157	455	456	362	106	253	175	144	293	220	
89	10	55	209	
457	458	459	332	144	50	
460	264	102	9	103	
345	461	462	105	463	464	283	465	466	
467	468	109	353	469	470	
471	472	8	13	473	124	
41	136	474	
92	76	95	475	476	240	
477	
478	315	395	479	265	478	208	209	
298	342	74	480	105	481	482	53	
483	460	484	
485	270	486	487	488	489	490	41	270	
491	125	455	492	345	
383	493	
143	494	212	
495	496	497	9	498	499	
137	181	500	259	441	363	172	21	
501	109	502	298	503	305	119	418	504	505	506	
507	508	20	59	10	
101	509	103	9	
34	345	71	510	105	
0	1	2	175	511	74	
512	513	514	21	106	515	241	
119	261	516	517	326	233	
223	518	136	519	520	
39	209	521	522	9	
56	523	125	524	127	128	525	
345	350	
151	39	9	209	418	39	526	209	
301	157	527	209	526	209	
53	120	301	157	106	172	528	41	240	
119	437	529	144	
530	531	532	533	19	20	21	
153	78	534	2	80	
535	536	80	383	55	239	
309	387	537	538	539	13	
316	124	74	125	239	41	106	
6	540	
366	137	241	541	542	543	458	
270	106	514	55	
208	315	50	41	
544	545	316	546	114	150	547	548	
549	550	9	37	118	212	402	107	551	
552	553	298	74	522	9	
189	198	55	91	554	92	
555	556	241	
254	212	165	
557	217	105	
181	116	352	189	558	175	559	
560	38	561	189	143	41	
181	244	245	212	125	449	103	
560	562	563	564	305	564	565	566	
319	212	404	95	567	
568	21	64	185	199	9	
569	208	73	74	
411	212	165	
82	1	16	33	570	
416	571	572	573	246	106	
574	179	80	575	13	
165	576	301	157	143	106	577	156	
181	578	80	364	574	579	241	136	
287	580	577	91	144	
221	251	158	99	581	80	
582	124	31	583	584	585	586	587	
212	165	588	240	
153	589	341	589	136	
514	590	571	80	591	55	
316	514	592	593	
594	2	403	595	469	
596	597	598	
189	599	600	564	601	80	
602	303	322	209	205	144	
603	463	604	283	105	
101	605	604	606	49	100	
607	608	80	408	609	510	610	611	610	612	613	614	408	615	
616	80	255	617	
326	618	106	
619	620	
220	260	212	404	95	172	621	622	95	
312	18	157	59	10	
623	624	625	626	90	
0	627	628	13	629	241	
111	402	630	631	476	632	257	380	
359	178	227	633	391	634	55	157	
199	565	72	635	636	
434	95	96	637	316	638	
151	639	91	640	
345	558	628	641	642	514	105	
643	644	80	33	645	646	647	13	
648	331	209	649	650	651	
106	652	51	653	654	653	655	653	656	654	655	657	116	33	20	658	
107	335	659	182	112	21	
492	316	660	52	661	
500	116	116	259	137	441	363	172	21	
21	662	241	
661	245	316	276	217	663	50	49	
567	118	664	
665	240	136	118	212	402	
119	99	442	80	102	190	
35	283	9	239	92	332	41	
35	666	35	283	
667	276	668	669	560	670	
671	143	672	673	
94	99	80	674	345	261	9	319	417	210	
345	533	50	49	6	
675	421	137	676	345	
677	678	679	680	681	
220	173	69	352	189	259	
44	260	21	
345	99	390	682	84	571	141	683	514	105	
684	99	371	241	
681	685	240	118	212	402	
405	686	687	408	688	689	610	690	691	354	692	
570	478	148	33	478	208	209	
240	174	475	476	41	175	693	118	
181	3	80	694	125	
573	695	696	471	470	
587	697	698	
113	114	107	699	108	109	166	137	503	
700	227	701	100	316	627	80	
702	560	703	41	239	240	40	484	
41	21	50	704	13	
92	293	105	41	705	41	190	
270	313	141	436	55	
56	270	471	706	707	
310	157	105	457	604	283	
174	413	708	41	44	212	367	709	209	
225	415	710	136	711	712	
713	20	714	20	715	136	
151	684	716	241	21	
181	717	718	220	28	719	
720	105	119	6	552	721	71	225	
345	278	722	723	71	
724	486	725	363	726	727	259	
205	434	728	371	315	434	106	
118	312	428	6	630	729	55	
111	69	137	182	
730	178	417	731	732	
40	733	734	636	
735	736	737	738	
332	573	675	630	50	212	91	
189	739	78	239	123	
740	532	
329	741	742	
220	743	744	745	209	
208	12	152	106	316	652	13	
72	746	747	58	
153	265	109	227	107	748	
59	10	80	124	695	21	
749	13	750	751	752	560	136	
137	189	472	662	753	189	
754	522	103	9	
589	755	499	80	754	103	9	
756	144	239	240	
205	223	208	315	757	
320	758	759	319	417	176	
181	40	627	80	760	9	13	
761	618	762	19	136	
0	141	21	106	370	763	
157	345	764	363	69	765	9	
495	522	103	9	580	766	
767	6	768	769	123	641	642	
143	118	315	178	
770	771	80	227	178	100	
332	772	34	316	151	
773	774	775	9	137	776	313	
252	777	301	778	492	
376	157	779	522	228	780	0	106	
345	781	771	80	770	227	13	782	662	403	
107	241	80	38	
332	91	123	41	404	95	
783	784	408	785	408	688	786	610	787	
80	316	95	788	103	
69	789	790	74	790	74	
561	384	209	791	792	407	
271	793	470	455	362	636	
402	91	794	795	376	796	
797	141	514	403	106	
798	345	395	71	176	320	
111	95	799	799	41	800	
9	801	13	
182	208	209	
239	6	802	803	804	
41	95	345	234	182	293	
755	270	329	137	212	48	
404	136	805	217	744	136	
277	618	116	673	806	302	69	807	415	
158	99	380	107	645	808	80	
113	114	507	627	809	115	115	116	109	
234	136	41	152	810	241	
275	811	402	127	128	
383	128	141	106	
137	531	532	152	341	106	
326	513	812	265	813	
814	604	123	0	481	815	3	
402	816	51	152	
205	817	6	630	55	152	106	
448	449	9	450	362	172	621	158	99	
166	818	304	71	137	161	455	
316	819	326	125	143	41	
102	103	9	450	362	
820	821	272	106	822	738	51	441	162	
823	403	125	
181	80	630	806	376	824	825	74	
826	827	828	829	830	831	
44	457	832	92	833	143	
50	49	723	834	
835	276	748	836	
72	837	805	333	
223	212	404	567	
230	433	231	217	838	
403	595	627	115	116	839	109	
755	351	95	
840	832	92	353	143	
212	841	842	49	841	
652	136	
843	40	559	558	313	
627	628	844	845	846	157	13	
736	486	574	210	
125	298	223	395	74	102	9	
740	106	182	138	
95	179	571	137	183	574	847	
105	848	849	850	
199	441	21	208	851	
457	278	332	484	
287	72	852	853	852	854	55	
277	416	855	116	352	856	80	
137	127	128	
265	857	858	72	209	
596	320	515	859	9	860	861	6	
829	862	106	
191	384	627	277	241	
467	320	622	467	106	
395	118	212	402	
499	74	863	49	210	48	
243	241	21	260	21	
101	749	9	345	302	440	50	305	
80	54	413	
864	270	865	176	
661	119	463	775	9	
866	332	143	41	
862	212	402	
515	867	868	6	341	869	870	55	
143	74	775	9	
871	102	103	9	125	143	766	
69	872	873	849	
316	759	874	210	370	270	
157	209	875	384	
532	408	688	876	408	877	
345	244	245	9	
181	80	878	879	227	
240	174	49	84	
403	595	627	115	116	400	115	115	116	721	106	
158	157	99	880	13	515	494	178	
442	881	3	882	535	
303	883	564	28	645	449	103	
9	91	737	
552	503	137	108	884	
753	574	885	586	587	
205	886	887	888	21	
771	889	890	808	
204	105	144	319	417	210	
189	92	675	630	49	841	106	
891	892	133	893	894	621	31	895	24	438	398	26	325	896	894	
6	416	80	166	352	897	189	
175	898	19	20	41	21	
67	463	326	48	59	10	
212	125	44	236	597	0	745	106	
630	899	223	105	
430	384	332	900	
901	902	6	622	467	105	106	
903	904	59	10	205	546	905	
862	181	906	212	125	
907	472	908	440	221	
661	909	249	910	911	103	9	
303	436	210	
912	92	417	10	
492	290	49	336	
84	52	102	103	9	
913	914	375	257	136	
915	916	
486	725	277	105	138	
303	21	21	917	
181	918	199	9	441	72	
165	174	491	358	80	
919	920	921	41	128	
492	345	403	675	
72	16	99	337	69	
181	922	923	841	228	
924	925	926	396	927	
887	888	21	179	316	928	929	
724	298	23	337	55	
253	930	11	12	13	310	157	175	63	931	343	106	
34	0	932	21	35	16	37	
345	180	778	492	
84	182	860	157	933	209	
554	123	753	189	41	
934	33	935	102	7	
143	190	55	
157	9	209	305	278	332	
181	418	41	873	
936	671	418	107	326	419	
56	99	492	316	80	937	938	189	144	492	
939	271	940	941	942	13	
299	943	944	945	41	560	
513	514	84	779	522	
946	13	208	137	913	879	
417	947	574	19	20	136	
26	27	924	948	24	949	
702	576	165	950	143	301	157	
951	91	6	630	458	952	128	
316	953	514	141	55	
954	955	484	
386	956	957	41	
34	260	261	447	
95	151	141	208	315	178	
128	165	41	38	
0	199	
217	219	0	41	
878	282	958	241	149	
416	80	255	959	960	
596	221	223	474	41	961	33	
962	963	964	152	
95	421	137	359	965	178	
326	264	55	
855	966	238	967	
473	679	59	10	294	
968	144	630	969	208	315	106	
444	210	41	106	
970	874	971	279	
652	972	915	486	973	974	975	
976	679	189	17	20	258	116	259	
181	105	80	50	818	6	
554	123	977	855	137	978	
979	157	241	980	106	
578	546	981	982	983	984	
9	106	917	
425	44	332	34	947	223	
486	353	515	137	137	88	249	
0	9	985	679	105	986	225	987	988	
989	106	580	914	176	
990	991	498	141	428	71	
556	992	10	993	994	174	
995	91	421	
996	627	899	91	278	48	
997	332	80	386	
829	998	210	56	105	6	351	428	92	
221	300	136	999	
143	80	1000	103	
512	933	332	
244	245	95	1001	662	1001	103	1002	102	103	9	522	295	9	
156	1003	351	1004	
448	44	137	626	564	
174	41	329	402	1005	
120	1006	41	136	
54	2	376	175	986	1007	362	
1008	110	210	175	717	95	1009	
208	209	1010	1011	
223	1012	102	50	
